46,3
0,452
0,386
65,1
65,3
32,5
32,1
32,3
43,3
27,4
27,1
27,3
14,10
0,273
0,270
0,544
24,1
24,3
14,9
10,78
10,188
10,126
10,268
10,34
10,172
10,14
10,24
10,2
10,3
11,30
11,10
11,18
11,4
11,7
11,2
11,3
9,7
9,4
9,6
9,2
9,3
8,14
8,8
8,11
8,15
8,16
8,13
8,2
8,3
0,516
12,2
259,590
259,589
259,588
259,587
259,586
259,585
259,584
259,583
259,582
259,581
259,580
259,579
259,578
259,577
259,576
259,575
259,574
259,573
259,572
259,571
259,570
259,569
259,568
259,567
259,566
259,565
259,564
259,563
259,562
259,561
259,560
259,1
223,5
223,4
223,3
20,2
20,1
223,2
223,1
217,3
20,3
217,1
215,4
215,3
215,1
214,4
214,3
214,2
214,1
103,45
103,44
103,43
103,42
103,41
103,40
103,39
103,38
103,37
103,36
103,35
103,34
103,33
103,32
103,31
103,21
103,20
103,19
19,2
103,18
19,1
19,3
103,17
103,16
103,15
103,13
103,12
103,10
103,9
